342
12568
18436
421
7407
17620
5498
15398
2924
842
8164
17312
15139
19768
15348
7128
19192
15204
5912
9861
18094
13216
7181
13412
17388
15440
5025
10499
8673
19269
9717
12010
8826
2852
14651
3064
10846
6770
1124
1407
14797
11560
17906
4525
14572
10459
16206
19460
15935
13247
18737
7396
11876
1221
11580
1583
10611
2586
4084
8689
16234
7558
6126
14658
5420
4233
7096
19307
5826
9659
10592
11103
9682
1315
7794
1996
15202
4076
16100
14670
18170
10064
15252
7987
15886
12110
14311
14744
2092
14701
6112
856
3638
5713
19680
7170
9478
19149
1021
3657
11432
8875
19064
3980
44
1266
4235
17011
18021
11173
3170
2680
10128
13411
3141
2756
11200
453
13303
8316
6691
10024
13758
17825
5339
14878
3857
17690
9051
7448
19594
16216
19862
3458
4523
9040
4301
17958
12928
7357
2870
1476
6687
2085
4914
6774
3950
74
14820
11187
15447
16553
7284
19874
19858
5005
1230
3366
12997
3703
19713
2599
7079
19451
167
15317
360
1808
10224
11779
417
7036
4539
14001
16186
15198
19065
6961
6002
19065
4499
12145
15124
954
16767
6423
315
9023
18843
6197
11064
2073
18029
6351
9847
7371
2174
4716
19578
13199
10065
5220
2925
7265
11508
12389
4700
18578
15795
8900
8337
3760
873
10531
627
13261
9093
17555
12501
12924
19481
6347
494
686
19887
6819
14003
4113
16446
11193
14938
17343
1020
16929
15622
7755
4029
4240
9890
10531
15080
15955
13926
9803
8969
5392
13203
16557
2545
14622
10772
18706
4409
18094
8261
19208
3341
11046
1534
19737
13726
14768
3908
15650
3073
3614
18039
2601
11554
4228
9923
12264
6586
17680
16382
4587
5591
15880
8220
7616
18522
8724
11056
19826
2091
12050
12289
18211
14361
6268
5281
14191
16681
5579
14352
154
12738
14118
13559
587
5867
11901
15005
6355
16918
17317
9020
12225
8449
13675
18055
7522
16912
6008
12762
7246
5419
11085
3831
19630
14640
701
9408
4442
19174
13008
15815
4699
1158
15738
10393
15134
10545
155
12542
11639
18411
877
1746
10594
18475
5293
5485
12680
12506
4340
17906
9602
16418
19056
19830
17051
6599
10210
6448
18816
19012
8953
14136
10078
13253
17804
7865
2593
1811
4753