25159
25363
37102
8474
38082
34635
27811
1264
26372
11508
6178
38693
32583
8466
27651
11881
18946
20735
33640
18471
18702
5783
19712
39614
6703
553
16943
19499
17913
36928
23783
33822
18632
13802
1373
39294
3906
25921
39533
25655
14358
38083
4029
37948
32405
17196
10403
38487
30662
2306
16505
21913
11114
1550
38909
31816
16989
20761
39139
33751
28967
5035
16598
29485
5480
19434
12043
26558
25698
38166
4148
8697
6999
24508
25620
37430
30845
3401
6819
17869
17439
8700
27691
17281
24343
8094
11515
14629
25905
28379
7636
11613
20986
3533
9275
7504
8745
21268
39532
16982
31554
18425
37529
37682
8786
24576
8727
39163
22858
14504
10211
8625
33725
36657
15040
35905
8983
39883
17665
28189
20642
9961
17609
33759
12685
20535
19242
29047
37225
39512
15881
30837
5115
1867
17111
31548
36845
30516
17433
25396
32164
6388
9416
27812
10573
32947
34803
8864
36079
12457
21014
23575
703
19419
31078
5878
39396
5775
4482
28703
10723
37638
2533
33066
14714
15460
23221
8280
27494
8707
7737
1772
32096
15193
10689
37429
13342
38377
19397
11799
29313
16087
11542
17089
29026
1053
16555
4032
7777
31949
11408
32339
32138
10782
34936
32971
36178
21678
11479
9157
18532
11744
28309
31240
23051
24296
9556
2191
20710
1206
9960
5424
32219
15382
7265
15322
1929
5155
19932
18167
35629
1571
6494
23924
32264
167
29029
35163
26243
7779
19580
15434
26137
6320
5238
8732
10781
31503
9201
16787
16513