27483
6139
4317
27097
14739
20618
1835
28809
28327
13530
5044
5778
21434
21316
24965
6076
26601
20637
14398
10181
21064
19989
25221
12683
9696
1201
26160
1192
17180
115
18271
5894
9378
26988
19872
29989
21055
25106
12475
29302
13272
8183
5612
8204
9718
26011
12154
7017
5244
24026
2610
19165
19198
25969
24610
22248
21229
2027
5855
7840
17543
26217
29587
16121
1923
12586
22472
1493
11303
16624
12077
25914
7396
24759
29567
5039
19152
16714
11880
4724
26289
9312
17631
29266
11013
13027
7601
25591
2686
11855
2926
16963
26704
29748
7305
15615
10459
23745
18458
12245
23030
8651
9084
26288
158
24317
7320
18218
12824
12594
1646
10576
9139
27924
26346
22925
5074
21630
13565
4481
21185
6659
4962
8443
6897
7992
23152
27390
16217
22645
16438
27313
5456
13159
22135
14476
20920
12263
3451
12455
11740
15806
2675
8057
7440
18215
8947
27382
3637
2111
2787
10111
10556
4030
3587
14056
4171
24622
550
11064
6364
1148
13491
14771
6547
14741
958
18978
12670
26031
12754
20470
22686
24746
16020
6487
29873
25912
20032
27773
7250
9717
7203
2827
22575
9523
25296
18764
1632
17917
14205
28166
28514
14339
20375
10075
28683
27016
10392
14404
11821
10298
3547
13476
15683
24317
27670
3808
10530
27298
18501
6063
13862
2697
9032
7696
799
12312
8769
17203
16529
13794
27208
28577
6406
5560
19350
22849
2054
29650
4386
3571
24607
15861
19721
20712
2027
13759
1965
10488
7790