26735
32193
23693
11072
10914
49267
43983
41322
37284
33117
10233
24565
23080
4013
37734
35962
12405
43802
4651
32442
2051
28551
43736
24669
48680
41567
1055
27909
45192
47110
37093
34640
18075
36287
23168
13611
39778
34820
31024
35686
16394
48647
23683
7575
43595
43350
25667
43197
40051
42656
3854
28797
28629
10737
27869
25814
4356
20734
3928
37355
31262
26127
48331
3688
11441
36873
41662
33621
34012
27955
35982
42071
12327
22321
46677
26837
48381
29176
24034
17090
45642
4412
8229
47865
10361
25915
46316
22703
22186
40553
6361
40919
1668
5764
7796
48421
17739
16231
2177
24556
37995
46096
18346
27561
7322
37253
26669
10072
39425
12837
19898
14491
35322
31749
25755
39227
38149
37745
49821
34817
22443
49345
24628
34678
49367
41191
29105
46095
19144
17884
12106
10118
36090
3487
11761
33793
49484
19348
44436
31212
20447
33387
49836
7867
2531
28374
7092
13580
22936
10920
708
6552
10518
11210
22320
39959
23265
23557
8640
20885
20363
2660
19579
28466
25071
36354
14802
25466
8953
34910
12282
10635
27109
20465
27348
42508
26930
21780
605
14868
1719
23204
10852
2275
10840
15444
22229
9249
19502
5948
49487
20202
5669
10155
23496
4018
33818
38965
5911
13993
43774
2080
23255
18362
3675
9930
4995
42011
43106
43602
6059
42987
41562
3550
44256
48767
13723
3860
28334
5234
31941
23281
12869
49972
5590
14814
27481
33355
30142
13295
723
21890
11329
37409
3761
40380
19253
6846
7750
14517
45831
45823
40338
37050
23866
13389
21706
4553
46667
39424
1213
23331
19302
30548
14199
26943
539
45725
21999
31592
17781
22657
44342
36773
24064
32141
45730
45030
31979
20219
29166
36604
46454
13323
23161
39649
4614
21845
28149
24800
6004
32547
40856
6965
6454
34551
46976
16425
15260
33819
36840
33703
1959
42416
22079
6177
45476
4100
2073
47600
23693
20134
33207
21936
36295
10471
49406
45817
307
2427
2231
39609
38912
16354
14349
20313
11438
7725
44457
2828
16308
41878
20665
4342
21141
49767
32738
10556
32267
43388
15286
10389
22612
43578
13661
35664
26993
40749
33188
48358
44408
9359
39836
37477
17123
31493
49673
21378
17650
10665
23624
24475
11416
29894
221
2957
47073
11257
7997
12426
21536
5794
32543
41090
35148
32726